OFF
680 2088 0
-0.317791 0.237232 0.672833
-0.298267 0.158912 0.654359
-0.297200 0.247346 0.685632
-0.291423 0.197380 0.624987
-0.280574 0.232504 0.587409
-0.269058 0.160871 0.585346
-0.210412 0.701481 0.702211
-0.194281 0.275480 0.643840
-0.183519 0.048911 0.612121
-0.142112 0.897389 0.702497
-0.135033 0.496906 0.830565
-0.129267 0.253448 0.269583
-0.122983 0.231180 0.260531
-0.118059 0.283322 0.754627
-0.114107 0.612048 0.820813
-0.112718 0.742347 0.775697
-0.111119 0.021983 -0.032513
-0.110311 0.617811 0.815836
-0.109804 0.078315 -0.027385
-0.109669 -0.061766 0.662494
-0.109669 0.938234 0.662494
-0.108712 0.705948 0.387616
-0.103325 0.736906 0.348881
-0.103224 0.329242 0.743085
-0.095973 0.891617 0.327847
-0.090866 0.619213 0.842100
-0.088896 -0.055397 0.000426
-0.083628 0.917429 0.341977
-0.083087 -0.034666 -0.024510
-0.080950 0.097414 0.730859
-0.079834 0.832624 0.515640
-0.078854 0.569594 0.889321
-0.078145 0.663304 0.608491
-0.077600 0.617885 0.898081
-0.077301 0.739207 0.378481
-0.074205 0.611310 0.881360
-0.073312 0.718707 0.413709
-0.072277 -0.067525 -0.012403
-0.072277 0.932475 0.987597
-0.064842 0.635682 0.850389
-0.064708 -0.069675 0.017783
-0.064148 0.769833 0.895238
-0.062006 -0.068954 0.044459
-0.062006 0.931046 0.044459
-0.060055 -0.037727 -0.053549
-0.060055 0.962273 0.946451
-0.058575 0.052018 0.056476
-0.057082 -0.062375 0.546287
-0.057082 0.937625 0.546287
-0.055862 0.339520 0.380850
-0.052497 0.549000 0.936538
-0.050573 0.577843 0.929082
-0.050457 0.870335 0.351006
-0.046712 0.570456 0.937569
-0.045906 0.572653 0.936116
-0.044847 0.329265 0.288109
-0.044615 0.440369 0.869009
-0.043199 0.570984 -0.060960
-0.043199 0.570984 0.939040
-0.043139 0.571329 -0.061226
-0.043139 0.571329 0.938774
-0.042419 0.046487 -0.050544
-0.040818 0.992087 0.239429
-0.040015 0.909915 0.736048
-0.039167 0.252606 0.803720
-0.035911 0.859373 0.807551
-0.035654 -0.086824 0.038649
-0.035654 0.913176 0.038649
-0.035654 0.913176 1.038649
-0.035493 0.356963 0.381302
-0.035169 0.736740 0.993755
-0.032644 0.304094 0.786070
-0.028895 0.548798 0.946671
-0.027063 0.466896 0.647930
-0.023856 0.795267 0.363718
-0.023558 0.165103 0.222731
-0.022680 0.162893 0.041792
-0.020384 0.133492 -0.048573
-0.020384 0.133492 0.951427
-0.016208 0.539546 0.194153
-0.015468 0.277597 0.163243
-0.013414 0.823653 0.362558
-0.011960 0.555676 0.429197
-0.009106 0.750909 0.281052
-0.008814 0.848639 0.371642
-0.008766 0.208887 0.147530
-0.008429 0.617333 0.882743
-0.008022 0.851592 0.221812
-0.006971 0.576477 -0.071469
-0.006971 0.576477 0.928531
-0.003510 0.534985 -0.041512
-0.003510 0.534985 0.958488
-0.001751 0.564410 -0.000427
-0.001015 0.628451 0.083836
0.001441 0.518564 0.961720
0.002552 0.144082 0.535030
0.007579 0.809782 0.356323
0.008377 0.093071 0.276524
0.008377 1.093071 0.276524
0.011193 0.672527 0.076900
0.011493 0.357337 0.425711
0.022946 0.508743 0.989236
0.023420 0.309986 0.958567
0.026803 0.943410 0.335815
0.027386 0.331076 0.530241
0.029139 0.127274 0.206340
0.029139 1.127274 0.206340
0.029231 0.832071 0.363537
0.038277 0.209011 0.372546
0.040720 0.523221 0.016926
0.040720 0.523221 1.016926
0.041234 0.367131 0.120701
0.045934 0.462885 0.992292
0.048236 0.230876 0.095598
0.048236 0.230876 1.095598
0.051121 0.896782 0.447363
0.053135 0.458203 0.019808
0.053135 0.458203 1.019808
0.054269 0.444409 0.956074
0.057727 0.736982 0.413033
0.061067 0.351318 0.479544
0.061966 0.628610 -0.122178
0.061966 0.628610 0.877822
0.062000 0.407440 0.064397
0.064645 0.094994 0.863105
0.068050 0.964045 0.843095
0.068228 0.807732 0.170346
0.068228 0.807732 1.170346
0.068372 0.803145 0.312104
0.071620 -0.008156 0.121779
0.071620 0.991844 0.121779
0.074891 0.430364 0.031564
0.074891 0.430364 1.031564
0.075088 0.784138 0.252504
0.076259 0.381545 0.461150
0.078741 0.374062 0.085515
0.078741 0.374062 1.085515
0.079746 0.819414 0.356259
0.080649 0.209029 0.779682
0.081059 0.858865 0.370903
0.081457 0.615219 0.502206
0.089267 0.036370 -0.090698
0.089267 0.036370 0.909302
0.089267 1.036370 0.909302
0.089468 -0.058109 0.633991
0.089468 0.941891 0.633991
0.095555 0.065492 0.248381
0.095555 1.065492 0.248381
0.096055 0.811086 0.799067
0.111074 0.799247 0.283329
0.111515 -0.018749 0.009989
0.111515 0.981251 1.009989
0.113555 0.894689 0.120393
0.113555 0.894689 1.120393
0.114275 0.825955 0.212985
0.120218 0.679225 0.819031
0.127633 -0.055335 0.771651
0.127633 0.944665 0.771651
0.128870 0.766596 0.010142
0.128870 0.766596 1.010142
0.129840 0.134210 0.145546
0.132053 0.288187 0.627804
0.134455 0.659564 0.681036
0.136108 0.306620 0.510117
0.137020 -0.000954 0.318030
0.137020 0.999046 0.318030
0.140357 -0.035297 0.784361
0.140357 0.964703 0.784361
0.141941 -0.055070 0.769769
0.141941 0.944930 0.769769
0.144663 0.101436 0.011078
0.144663 0.101436 1.011078
0.146503 0.035611 0.811819
0.147006 0.016888 0.839257
0.147006 1.016888 0.839257
0.147670 0.696924 0.835144
0.148318 0.911000 0.256247
0.150762 0.392320 0.250495
0.152272 0.654618 0.183198
0.154726 0.327969 0.817221
0.157061 0.390004 0.081007
0.157061 0.390004 1.081007
0.165045 0.467478 0.092148
0.165045 0.467478 1.092148
0.167365 0.288182 0.086731
0.167365 0.288182 1.086731
0.169790 0.974448 0.418685
0.178040 0.619708 -0.001899
0.178040 0.619708 0.998101
0.183044 -0.021750 0.860585
0.183044 0.978250 0.860585
0.185754 -0.124610 0.776311
0.185754 0.875390 0.776311
0.189321 -0.058000 0.500621
0.189321 0.942000 0.500621
0.197595 0.738337 0.798764
0.202708 0.912703 0.145759
0.202708 0.912703 1.145759
0.207685 0.042577 0.192630
0.207685 1.042577 0.192630
0.210902 0.741525 -0.155039
0.210902 0.741525 0.844961
0.218658 0.061194 0.674631
0.218937 -0.054855 0.126818
0.218937 0.945145 0.126818
0.218937 0.945145 1.126818
0.220759 0.367516 0.977574
0.226604 0.813291 0.491795
0.230072 0.886400 0.930222
0.230749 -0.118732 0.672350
0.230749 0.881268 0.672350
0.238271 0.035098 -0.007013
0.238271 0.035098 0.992987
0.238271 1.035098 0.992987
0.240187 0.360484 0.480006
0.240723 0.947126 0.108261
0.240723 0.947126 1.108261
0.244283 0.010604 0.122312
0.244283 1.010604 0.122312
0.244665 -0.056108 0.553126
0.244665 0.943892 0.553126
0.244934 0.032489 0.000827
0.244934 0.032489 1.000827
0.244934 1.032489 1.000827
0.246876 0.691105 0.365298
0.247904 0.243804 0.717120
0.247907 0.122885 0.093140
0.247907 0.122885 1.093140
0.250741 0.076997 0.318851
0.250741 1.076997 0.318851
0.251090 0.188898 0.508013
0.251849 0.533147 0.465649
0.252526 0.025562 0.510783
0.252526 1.025562 0.510783
0.253148 0.041805 0.010469
0.253148 0.041805 1.010469
0.253974 0.142648 0.871943
0.254841 0.072760 0.138036
0.254841 1.072760 0.138036
0.260680 0.058968 0.071207
0.261499 0.530025 0.784428
0.262399 0.018692 0.044738
0.262399 1.018692 1.044738
0.264681 0.049894 0.024016
0.264681 0.049894 1.024016
0.264708 0.049738 0.024048
0.264708 0.049738 1.024048
0.264708 1.049738 1.024048
0.268693 -0.007021 0.077280
0.268693 0.992979 0.077280
0.268693 0.992979 1.077280
0.271261 -0.000439 0.076797
0.271261 0.999561 0.076797
0.271261 0.999561 1.076797
0.271760 0.097881 0.485188
0.271760 1.097881 0.485188
0.272555 0.937678 0.083188
0.272555 0.937678 1.083188
0.273329 0.098990 0.486032
0.273329 1.098990 0.486032
0.273787 0.801722 0.175867
0.273860 0.701007 0.708327
0.274748 0.663505 0.485981
0.274780 0.756019 0.691816
0.283553 0.045048 0.528946
0.283553 1.045048 0.528946
0.284928 0.376229 0.123071
0.284928 0.376229 1.123071
0.300386 0.198382 0.026084
0.300386 0.198382 1.026084
0.301432 0.161627 0.530743
0.304882 0.323081 0.078396
0.304882 0.323081 1.078396
0.323162 0.252101 0.550716
0.325682 0.250371 0.557276
0.325999 0.229715 0.177961
0.328130 0.427425 0.193398
0.328130 0.427425 1.193398
0.330257 -0.121391 0.564536
0.330257 0.878609 0.564536
0.334113 0.783861 0.030756
0.334113 0.783861 1.030756
0.336330 0.575648 0.210187
0.336330 0.575648 1.210187
0.349377 0.319570 0.809620
0.349638 0.364405 0.139483
0.349638 0.364405 1.139483
0.350635 -0.239142 0.590195
0.350635 0.760858 0.590195
0.351433 0.617003 0.252406
0.359812 0.150730 0.293189
0.359812 1.150730 0.293189
0.365044 0.689655 0.812809
0.366054 0.704501 0.585482
0.366067 0.253693 0.420715
0.368535 0.525108 0.306979
0.384075 0.297669 -0.091217
0.384075 0.297669 0.908783
0.385042 0.883333 0.096909
0.385041 0.883333 1.096909
0.385189 0.662223 0.164367
0.392059 -0.109186 0.776732
0.392059 0.890814 0.776732
0.392241 0.401516 0.307382
0.394391 0.518735 0.089184
0.394391 0.518735 1.089184
0.398366 0.667286 0.617206
0.402015 0.328525 -0.026452
0.402015 0.328525 0.973548
0.409404 0.449110 0.430391
0.412228 0.324613 0.679265
0.414727 0.622556 0.521562
0.416303 0.347930 0.538274
0.417377 0.556356 0.448515
0.418230 0.721439 0.584055
0.421829 0.714261 0.080224
0.421829 0.714261 1.080224
0.431164 0.741981 0.114651
0.431164 0.741981 1.114651
0.434433 0.330821 0.813180
0.435120 0.422212 0.448116
0.438912 0.344430 0.325520
0.442175 -0.235362 0.585878
0.442175 0.764638 0.585878
0.442785 -0.040489 0.162643
0.442785 0.959511 0.162643
0.444900 0.487884 0.463150
0.446355 -0.055902 0.044674
0.446355 0.944098 1.044674
0.446549 0.698989 0.030646
0.446549 0.698989 1.030646
0.451496 0.163833 -0.081436
0.451496 0.163833 0.918564
0.453607 0.737907 0.085183
0.453607 0.737907 1.085183
0.462627 -0.094872 0.399947
0.462627 0.905128 0.399947
0.465431 0.644899 0.576340
0.466857 -0.267702 0.582381
0.466857 0.732298 0.582381
0.479864 0.569850 0.500201
0.482733 0.441892 0.488526
0.483783 0.616258 0.576556
0.483872 0.331684 -0.118837
0.483872 0.331684 0.881163
0.484888 0.596223 0.532851
0.487610 0.325787 -0.140083
0.487610 0.325787 0.859917
0.487858 -0.217694 0.606920
0.487858 0.782306 0.606920
0.488117 0.618738 0.598674
0.496698 0.605174 0.598360
0.497880 0.480674 0.766822
0.499328 0.480935 0.586187
0.499965 0.102582 0.627396
0.504473 0.613044 0.613116
0.507520 0.698646 0.290897
0.510805 0.599773 0.481861
0.510881 0.671936 0.489033
0.514695 0.710538 0.631216
0.514816 0.373075 0.646735
0.514887 0.796398 0.115211
0.514887 0.796398 1.115211
0.516459 0.614728 0.628070
0.516618 0.613536 0.627362
0.516671 0.380258 0.674399
0.517379 0.399735 0.666195
0.518921 0.380597 0.670442
0.524491 0.317013 -0.123908
0.524491 0.317013 0.876092
0.531906 0.750169 0.948817
0.532599 0.321544 0.135527
0.532739 0.370569 0.385107
0.534078 0.342182 0.752979
0.551689 -0.168600 0.114329
0.551689 0.831400 0.114329
0.551689 0.831400 1.114329
0.553889 0.299466 -0.159245
0.553889 0.299466 0.840755
0.554051 0.520479 0.446987
0.564464 0.337369 0.682448
0.568136 0.821887 0.141280
0.568136 0.821887 1.141280
0.570494 -0.158581 0.092961
0.570494 0.841419 1.092961
0.572592 0.311116 -0.077466
0.572592 0.311116 0.922534
0.573625 -0.001630 -0.084765
0.573625 -0.001630 0.915235
0.573625 0.998370 0.915235
0.577995 0.654401 0.668380
0.580565 0.855147 0.858580
0.581060 -0.162050 0.126417
0.581060 0.837950 1.126417
0.586785 -0.137280 0.714441
0.586785 0.862720 0.714441
0.590618 0.581354 0.058631
0.590618 0.581354 1.058631
0.591356 0.718077 0.711683
0.593301 0.324803 0.719384
0.598654 -0.036609 0.683805
0.598654 0.963391 0.683805
0.598889 0.150893 0.262661
0.599920 -0.162235 0.156118
0.599920 0.837765 0.156118
0.599920 0.837765 1.156118
0.602138 -0.158784 0.142259
0.602138 0.841216 0.142259
0.602138 0.841216 1.142259
0.606049 0.821985 0.179460
0.606049 0.821985 1.179460
0.613709 0.830645 0.196750
0.619189 -0.135149 0.197388
0.619189 0.864851 0.197388
0.619970 0.228794 0.767061
0.621475 0.042581 0.798469
0.621475 1.042581 0.798469
0.626422 -0.213513 0.271733
0.626422 0.786487 0.271733
0.627544 0.706945 0.339207
0.629678 -0.202021 0.254032
0.629678 0.797979 0.254032
0.630819 0.271002 0.693232
0.631214 -0.025838 0.032683
0.631214 0.974162 1.032683
0.631881 0.125905 -0.142806
0.631881 0.125905 0.857194
0.631881 1.125905 0.857194
0.634278 0.303918 0.565841
0.634313 -0.206792 0.262537
0.634313 0.793208 0.262537
0.636458 0.354311 0.379383
0.640196 -0.104272 0.167191
0.640196 0.895728 0.167191
0.645083 -0.051516 0.472919
0.645083 0.948484 0.472919
0.653103 0.219086 0.066822
0.653103 0.219086 1.066822
0.654733 0.137415 0.790467
0.654733 1.137415 0.790467
0.654947 0.499841 0.720167
0.655195 0.214174 0.701333
0.657476 0.140032 0.726414
0.658948 -0.127867 0.238200
0.658948 0.872133 0.238200
0.659625 0.120044 0.698849
0.659625 1.120044 0.698849
0.660350 0.088494 0.715009
0.660350 1.088494 0.715009
0.660394 0.636571 0.384963
0.662724 0.649853 0.537260
0.664201 0.761653 0.236515
0.670470 0.290001 0.283991
0.674776 0.194202 0.681495
0.675117 0.240648 0.680103
0.680110 0.287627 0.260473
0.680110 0.287627 1.260473
0.682209 0.237232 0.672833
0.686320 -0.038433 0.209998
0.686320 0.961567 0.209998
0.687548 0.671265 0.706405
0.691992 0.270805 0.277033
0.691992 0.270805 1.277033
0.693414 -0.026759 0.130192
0.693414 0.973241 0.130192
0.693414 0.973241 1.130192
0.694800 0.485214 0.269307
0.695586 0.823238 0.708708
0.695649 0.287077 0.324375
0.701733 0.158912 0.654359
0.701733 1.158912 0.654359
0.702800 0.247346 0.685632
0.705248 0.043373 0.162489
0.705786 0.718684 0.294941
0.708577 0.197380 0.624987
0.712432 0.097631 0.919118
0.712432 1.097631 0.919118
0.715732 0.064820 0.058260
0.715732 0.064820 1.058260
0.715732 1.064820 1.058260
0.716242 0.402365 0.889928
0.719426 0.232504 0.587409
0.725242 -0.056941 0.267046
0.725242 0.943059 0.267046
0.725528 0.173866 0.251505
0.725528 0.173866 1.251505
0.727297 0.318325 0.725333
0.729440 0.222158 0.280267
0.729440 0.222158 1.280267
0.730942 0.160871 0.585346
0.730942 1.160871 0.585346
0.732650 0.280681 0.378511
0.732682 0.068407 0.269044
0.740803 0.701889 0.893366
0.742669 0.196197 0.411816
0.745179 0.676409 0.191607
0.745179 0.676409 1.191607
0.746673 0.239585 0.302959
0.746673 0.239585 1.302959
0.753567 0.204375 0.289572
0.753567 0.204375 1.289572
0.753985 0.040615 0.686642
0.753985 1.040615 0.686642
0.765201 0.432897 0.089794
0.765201 0.432897 1.089794
0.768343 0.706223 0.062025
0.768343 0.706223 1.062025
0.772753 0.059168 0.327097
0.772753 1.059168 0.327097
0.788536 0.699527 0.354100
0.789588 0.701481 0.702211
0.795734 0.170797 0.819481
0.804906 0.445666 0.382104
0.805719 0.275480 0.643840
0.809683 -0.059145 0.163328
0.809683 0.940855 0.163328
0.811302 0.013406 0.025383
0.811302 1.013406 1.025383
0.811356 0.861884 0.031711
0.811356 0.861884 1.031711
0.811997 0.232147 0.280661
0.811997 0.232147 1.280661
0.813179 0.650651 0.761316
0.816481 1.048911 0.612121
0.823549 0.278308 0.332976
0.828665 0.146261 0.135795
0.828665 0.146261 1.135795
0.829599 -0.047182 0.315992
0.829599 0.952818 0.315992
0.830467 0.004187 0.842859
0.830467 1.004187 0.842859
0.832682 0.814628 0.318218
0.847381 0.062383 -0.029449
0.847381 0.062383 0.970551
0.847381 1.062383 0.970551
0.852793 0.557191 0.038877
0.852793 0.557191 1.038877
0.857888 -0.102611 0.702497
0.857888 0.897389 0.702497
0.864967 0.496906 0.830565
0.865617 0.101045 0.299140
0.866447 0.375251 0.137623
0.866447 0.375251 1.137623
0.870733 0.253448 0.269583
0.870733 0.253448 1.269583
0.870834 -0.015254 0.434470
0.870834 0.984746 0.434470
0.876119 0.650315 0.132646
0.877017 0.231180 0.260531
0.877017 0.231180 1.260531
0.881941 0.283322 0.754627
0.885893 0.612048 0.820813
0.887282 0.742347 0.775697
0.888881 0.021983 -0.032513
0.888881 0.021983 0.967487
0.888881 1.021983 0.967487
0.889689 0.617811 0.815836
0.890196 0.078315 -0.027385
0.890196 0.078315 0.972615
0.890331 -0.061766 0.662494
0.890331 0.938234 0.662494
0.891288 0.705948 0.387616
0.896675 0.736906 0.348881
0.896776 0.329242 0.743085
0.896933 0.307020 0.471311
0.904027 -0.108383 0.327847
0.904027 0.891617 0.327847
0.909134 0.619213 0.842100
0.911104 -0.055397 0.000426
0.911104 0.944603 0.000426
0.911104 0.944603 1.000426
0.916372 -0.082571 0.341977
0.916372 0.917429 0.341977
0.916913 0.965334 0.975490
0.919050 0.097414 0.730859
0.920166 0.832624 0.515640
0.921146 0.569594 0.889321
0.921855 0.663304 0.608491
0.922400 0.617885 -0.101919
0.922400 0.617885 0.898081
0.922699 0.739207 0.378481
0.925795 0.611310 0.881360
0.926688 0.718707 0.413709
0.927723 0.932475 -0.012403
0.927723 0.932475 0.987597
0.935158 0.635682 0.850389
0.935292 0.930325 0.017783
0.935852 0.769833 0.895238
0.937994 -0.068954 0.044459
0.937994 0.931046 0.044459
0.939945 -0.037727 0.946451
0.939945 0.962273 0.946451
0.941425 0.052018 0.056476
0.942918 -0.062375 0.546287
0.942918 0.937625 0.546287
0.944138 0.339520 0.380850
0.947503 0.549000 -0.063462
0.947503 0.549000 0.936538
0.949427 0.577843 -0.070918
0.949427 0.577843 0.929082
0.949543 0.870335 0.351006
0.953288 0.570456 -0.062431
0.953288 0.570456 0.937569
0.954094 0.572653 -0.063884
0.955153 0.329265 0.288109
0.955385 0.440369 0.869009
0.956801 0.570984 -0.060960
0.956861 0.571329 -0.061226
0.957581 0.046487 0.949456
0.959182 -0.007913 0.239429
0.959985 -0.090085 0.736048
0.960833 0.252606 0.803720
0.964089 -0.140627 0.807551
0.964089 0.859373 0.807551
0.964346 0.913176 0.038649
0.964507 0.356963 0.381302
0.964831 0.736740 -0.006245
0.967356 0.304094 0.786070
0.971105 0.548798 -0.053329
0.972937 0.466896 0.647930
0.976144 0.795267 0.363718
0.976442 0.165103 0.222731
0.977320 0.162893 1.041792
0.979616 0.133492 0.951427
0.983792 0.539546 0.194153
0.984532 0.277597 1.163243
0.986586 0.823653 0.362558
0.988040 0.555676 0.429197
0.990894 0.750909 0.281052
0.991186 -0.151361 0.371642
0.991186 0.848639 0.371642
0.991234 0.208887 0.147530
0.991234 0.208887 1.147530
0.991978 0.851592 0.221812
0.996490 0.534985 -0.041512
0.998249 0.564410 -0.000427
0.998985 0.628451 0.083836
1.001441 0.518564 -0.038280
1.001441 0.518564 0.961720
1.002552 0.144082 0.535030
1.007579 0.809782 0.356323
1.008377 0.093071 0.276524
1.011193 0.672527 0.076900
1.011493 0.357337 0.425711
1.022946 0.508743 -0.010764
1.023420 0.309986 0.958567
1.026803 -0.056590 0.335815
1.027386 0.331076 0.530241
1.029139 0.127274 0.206340
1.038277 0.209011 0.372546
1.040720 0.523221 0.016926
1.041234 0.367131 0.120701
1.041234 0.367131 1.120701
1.045934 0.462885 0.992292
1.048236 0.230876 1.095598
1.051121 -0.103218 0.447363
1.053135 0.458203 0.019808
1.053135 0.458203 1.019808
1.054269 0.444409 0.956074
1.061067 0.351318 0.479544
1.062000 0.407440 1.064397
1.064645 0.094994 0.863105
1.068050 -0.035955 0.843095
1.068228 0.807732 0.170346
1.074891 0.430364 1.031564
1.075088 0.784138 0.252504
1.076259 0.381545 0.461150
1.078741 0.374062 1.085515
1.081059 -0.141135 0.370903
1.081457 0.615219 0.502206
1.089267 0.036370 0.909302
1.127633 -0.055335 0.771651
1.136108 0.306620 0.510117
1.137020 -0.000954 0.318030
1.140357 -0.035297 0.784361
1.146503 0.035611 0.811819
1.147006 0.016888 0.839257
1.169790 -0.025552 0.418685
1.189321 -0.058000 0.500621
1.271760 0.097881 0.485188
3 173 124 172
3 244 171 212
3 102 132 118
3 138 225 172
3 225 138 172
3 236 244 212
3 244 236 212
3 212 142 173
3 143 213 174
3 179 118 71
3 118 179 71
3 185 136 114
3 206 132 118
3 132 206 118
3 272 269 297
3 136 181 132
3 574 457 471
3 529 447 537
3 661 675 611
3 608 554 590
3 662 676 670
3 511 441 454
3 441 511 454
3 557 553 532
3 554 558 533
3 537 610 612
3 447 501 537
3 172 166 173
3 674 675 676
3 471 454 457
3 454 471 457
3 453 445 469
3 445 453 469
3 442 441 438
3 441 442 438
3 435 418 339
3 575 620 626
3 630 546 594
3 470 523 490
3 446 502 470
3 467 460 510
3 460 467 510
3 450 351 364
3 351 450 364
3 531 473 562
3 473 531 562
3 572 528 508
3 52 24 81
3 566 600 626
3 358 337 339
3 337 358 339
3 509 449 561
3 449 509 561
3 401 395 448
3 394 400 447
3 34 21 36
3 561 580 582
3 359 337 339
3 337 359 339
3 419 473 430
3 473 419 430
3 390 363 398
3 363 390 398
3 355 350 363
3 350 355 363
3 342 351 345
3 351 342 345
3 121 158 200
3 187 282 109
3 280 315 200
3 99 57 93
3 154 149 133
3 149 154 133
3 178 282 109
3 282 178 109
3 260 289 149
3 289 260 149
3 57 92 93
3 121 88 59
3 300 317 315
3 317 300 315
3 188 110 283
3 292 363 330
3 363 292 330
3 240 351 350
3 351 240 350
3 286 305 277
3 175 195 201
3 195 175 201
3 352 366 365
3 366 352 365
3 117 183 110
3 261 155 195
3 155 261 195
3 644 637 634
3 94 101 91
3 272 267 181
3 297 308 272
3 653 657 664
3 117 112 132
3 319 347 297
3 347 319 297
3 366 351 364
3 351 366 364
3 656 624 651
3 512 431 449
3 431 512 449
3 466 431 449
3 431 466 449
3 601 535 495
3 497 541 543
3 547 601 495
3 601 547 495
3 604 543 651
3 635 606 636
3 524 491 595
3 491 524 595
3 455 452 461
3 452 455 461
3 618 637 596
3 94 72 50
3 468 461 452
3 461 468 452
3 374 324 251
3 402 461 484
3 461 402 484
3 327 374 251
3 296 331 243
3 455 436 385
3 275 271 226
3 271 275 226
3 406 423 463
3 268 296 243
3 371 455 385
3 455 371 385
3 472 463 477
3 463 472 477
3 239 226 243
3 226 239 243
3 403 432 412
3 368 343 385
3 271 307 296
3 393 408 384
3 406 392 383
3 361 396 329
3 285 304 343
3 385 503 455
3 451 421 409
3 421 451 409
3 317 333 315
3 356 340 357
3 340 356 357
3 379 341 431
3 341 379 431
3 295 309 276
3 309 295 276
3 303 309 276
3 309 303 276
3 372 320 321
3 320 372 321
3 417 420 429
3 421 418 430
3 326 309 313
3 309 326 313
3 30 74 36
3 220 145 169
3 9 63 20
3 162 293 261
3 293 162 261
3 32 140 17
3 148 195 192
3 195 148 192
3 655 668 678
3 139 115 194
3 15 39 65
3 209 287 191
3 288 210 192
3 119 74 36
3 74 119 36
3 263 293 261
3 293 263 261
3 207 139 194
3 139 207 194
3 107 96 137
3 96 107 137
3 626 620 640
3 74 81 96
3 323 302 349
3 281 318 257
3 208 192 223
3 192 208 223
3 247 328 389
3 370 398 384
3 398 370 384
3 299 362 376
3 391 395 389
3 395 391 389
3 242 250 253
3 330 334 316
3 306 293 261
3 293 306 261
3 348 322 338
3 323 349 339
3 314 293 288
3 293 314 288
3 609 565 588
3 24 62 43
3 592 648 588
3 482 514 565
3 526 485 478
3 484 525 477
3 517 465 570
3 463 516 568
3 548 621 631
3 540 499 548
3 499 540 548
3 527 482 565
3 492 507 499
3 507 492 499
3 619 551 539
3 666 627 669
3 510 577 582
3 564 491 595
3 491 564 595
3 457 513 471
3 666 643 615
3 486 422 454
3 422 486 454
3 440 367 399
3 367 440 399
3 522 510 556
3 510 522 556
3 428 360 422
3 360 428 422
3 357 345 340
3 345 357 340
3 380 367 399
3 367 380 399
3 353 360 341
3 360 353 341
3 163 108 254
3 160 226 113
3 226 160 113
3 198 146 105
3 12 75 97
3 177 309 134
3 309 177 134
3 180 184 135
3 230 163 254
3 163 230 254
3 228 258 254
3 55 69 111
3 12 80 85
3 120 100 49
3 294 321 290
3 321 294 290
3 214 320 273
3 320 214 273
3 266 285 271
3 199 130 106
3 96 87 133
3 153 205 68
3 204 152 67
3 165 147 98
3 84 103 27
3 176 137 149
3 137 176 149
3 128 137 149
3 137 128 149
3 335 417 338
3 434 429 482
3 354 441 445
3 441 354 445
3 494 497 499
3 497 494 499
3 429 443 482
3 481 474 489
3 270 274 264
3 274 270 264
3 488 462 485
3 461 487 484
3 312 274 273
3 274 312 273
3 422 454 441
3 454 422 441
3 626 633 566
3 515 483 566
3 607 616 663
3 518 464 569
3 586 569 589
3 642 607 663
3 505 404 407
3 628 620 562
3 404 433 407
3 413 444 459
3 54 58 60
3 606 603 607
3 411 421 409
3 421 411 409
3 79 22 93
3 82 21 69
3 83 74 96
3 282 182 109
3 231 309 134
3 309 231 134
3 131 123 116
3 224 289 149
3 289 224 149
3 180 135 131
3 203 129 66
3 46 26 42
3 150 221 248
3 40 37 66
3 170 243 211
3 61 16 18
3 76 113 77
3 28 26 16
3 217 237 198
3 241 251 248
3 243 234 211
3 323 336 265
3 413 325 291
3 255 229 165
3 249 218 252
3 375 298 252
3 204 215 196
3 194 186 139
3 232 219 193
3 220 233 194
3 279 323 265
3 322 278 264
3 381 409 361
3 311 345 337
3 345 311 337
3 410 397 496
3 597 536 504
3 493 460 551
3 460 493 551
3 602 506 496
3 480 399 539
3 399 480 539
3 579 599 581
3 369 378 386
3 382 376 362
3 576 581 599
3 366 365 367
3 365 366 367
3 373 367 365
3 367 373 365
3 348 301 322
3 332 347 297
3 189 212 173
3 202 225 172
3 225 202 172
3 235 246 244
3 415 426 388
3 310 360 274
3 360 310 274
3 414 422 441
3 422 414 441
3 465 519 570
3 448 530 538
3 587 585 613
3 573 584 591
3 585 552 613
3 476 427 479
3 424 389 384
3 416 427 439
3 551 567 581
3 658 645 617
3 654 622 623
3 542 498 544
3 475 438 533
3 456 504 386
3 544 625 652
3 437 426 478
3 471 550 611
3 664 660 667
3 605 658 617
3 521 500 549
3 499 520 548
3 159 122 201
3 151 250 223
3 33 70 38
3 167 125 174
3 35 41 39
3 169 190 192
3 197 216 205
3 157 167 169
3 86 51 60
3 51 86 60
3 51 33 35
3 73 14 17
3 161 274 225
3 274 161 225
3 104 120 163
3 60 89 122
3 56 50 10
3 25 35 39
3 31 51 35
3 481 639 647
3 548 649 641
3 545 507 571
3 646 668 629
3 677 673 679
3 647 672 659
3 95 4 104
3 29 1 19
3 144 219 168
3 8 5 47
3 4 7 104
3 23 13 71
3 156 168 166
3 1 3 5
3 64 172 124
3 78 64 124
3 142 78 124
3 173 142 124
3 142 212 171
3 78 142 171
3 114 78 171
3 227 114 171
3 244 227 171
3 118 71 102
3 71 64 102
3 64 78 102
3 78 114 102
3 114 136 102
3 136 132 102
3 172 64 138
3 64 172 138
3 64 71 138
3 71 64 138
3 71 225 138
3 225 71 138
3 212 173 236
3 173 212 236
3 173 172 236
3 172 173 236
3 172 225 236
3 225 172 236
3 225 284 236
3 284 225 236
3 284 297 236
3 297 284 236
3 297 244 236
3 244 297 236
3 71 225 179
3 225 71 179
3 225 284 179
3 284 225 179
3 284 118 179
3 118 284 179
3 114 227 185
3 227 272 185
3 272 181 185
3 181 136 185
3 118 284 206
3 284 118 206
3 284 297 206
3 297 284 206
3 297 272 206
3 272 297 206
3 272 181 206
3 181 272 206
3 181 132 206
3 132 181 206
3 244 297 269
3 227 244 269
3 272 227 269
3 471 611 574
3 611 675 574
3 675 674 574
3 674 671 574
3 671 559 574
3 559 469 574
3 469 457 574
3 537 612 529
3 612 590 529
3 590 554 529
3 554 533 529
3 533 438 529
3 438 447 529
3 611 623 661
3 623 670 661
3 670 676 661
3 676 675 661
3 590 670 608
3 670 623 608
3 623 558 608
3 558 554 608
3 670 590 662
3 590 612 662
3 612 671 662
3 671 674 662
3 674 676 662
3 454 471 511
3 471 454 511
3 471 611 511
3 611 471 511
3 611 623 511
3 623 611 511
3 623 558 511
3 558 623 511
3 558 533 511
3 533 558 511
3 533 438 511
3 438 533 511
3 438 441 511
3 441 438 511
3 671 612 610
3 559 671 610
3 537 559 610
3 559 537 501
3 469 559 501
3 445 469 501
3 447 445 501
3 469 457 453
3 457 469 453
3 457 454 453
3 454 457 453
3 454 441 453
3 441 454 453
3 441 445 453
3 445 441 453
3 438 447 442
3 447 438 442
3 447 445 442
3 445 447 442
3 445 441 442
3 441 445 442
3 339 349 435
3 349 446 435
3 446 470 435
3 470 490 435
3 490 508 435
3 508 483 435
3 483 430 435
3 430 418 435
3 626 630 575
3 630 594 575
3 594 560 575
3 560 538 575
3 538 510 575
3 510 582 575
3 582 620 575
3 490 594 546
3 508 490 546
3 572 508 546
3 630 572 546
3 594 490 523
3 560 594 523
3 470 560 523
3 560 470 502
3 538 560 502
3 448 538 502
3 446 448 502
3 510 538 467
3 538 510 467
3 538 448 467
3 448 538 467
3 448 395 467
3 395 448 467
3 395 398 467
3 398 395 467
3 398 460 467
3 460 398 467
3 364 460 450
3 460 364 450
3 460 510 450
3 510 460 450
3 510 582 450
3 582 510 450
3 582 561 450
3 561 582 450
3 561 449 450
3 449 561 450
3 449 357 450
3 357 449 450
3 357 345 450
3 345 357 450
3 345 351 450
3 351 345 450
3 562 620 531
3 620 562 531
3 620 626 531
3 626 620 531
3 626 566 531
3 566 626 531
3 566 483 531
3 483 566 531
3 483 430 531
3 430 483 531
3 430 473 531
3 473 430 531
3 483 508 528
3 566 483 528
3 572 566 528
3 81 84 52
3 630 626 600
3 84 27 52
3 572 630 600
3 27 24 52
3 566 572 600
3 339 418 358
3 418 339 358
3 418 357 358
3 357 418 358
3 357 345 358
3 345 357 358
3 345 337 358
3 337 345 358
3 561 562 509
3 562 561 509
3 562 473 509
3 473 562 509
3 473 449 509
3 449 473 509
3 448 446 401
3 445 447 400
3 446 349 401
3 348 445 400
3 349 395 401
3 394 348 400
3 36 74 34
3 620 582 580
3 74 22 34
3 562 620 580
3 22 21 34
3 561 562 580
3 339 349 359
3 349 339 359
3 349 395 359
3 395 349 359
3 395 398 359
3 398 395 359
3 398 363 359
3 363 398 359
3 363 350 359
3 350 363 359
3 350 337 359
3 337 350 359
3 430 418 419
3 418 430 419
3 418 357 419
3 357 418 419
3 357 449 419
3 449 357 419
3 449 473 419
3 473 449 419
3 398 460 390
3 460 398 390
3 460 364 390
3 364 460 390
3 364 363 390
3 363 364 390
3 363 364 355
3 364 363 355
3 364 351 355
3 351 364 355
3 351 350 355
3 350 351 355
3 345 337 342
3 337 345 342
3 337 350 342
3 350 337 342
3 350 351 342
3 351 350 342
3 256 200 158
3 196 256 158
3 126 196 158
3 59 126 158
3 121 59 158
3 109 90 187
3 90 121 187
3 121 200 187
3 200 315 187
3 315 282 187
3 200 256 280
3 256 317 280
3 317 315 280
3 93 133 99
3 133 126 99
3 126 59 99
3 59 57 99
3 133 126 154
3 126 133 154
3 126 196 154
3 196 126 154
3 196 149 154
3 149 196 154
3 109 93 178
3 93 109 178
3 93 133 178
3 133 93 178
3 133 149 178
3 149 133 178
3 149 289 178
3 289 149 178
3 289 282 178
3 282 289 178
3 149 196 260
3 196 149 260
3 196 256 260
3 256 196 260
3 256 317 260
3 317 256 260
3 317 289 260
3 289 317 260
3 109 93 92
3 90 109 92
3 57 90 92
3 57 59 88
3 90 57 88
3 121 90 88
3 315 282 300
3 282 315 300
3 282 289 300
3 289 282 300
3 289 317 300
3 317 289 300
3 283 316 188
3 316 201 188
3 201 122 188
3 122 91 188
3 91 110 188
3 330 316 292
3 316 330 292
3 316 201 292
3 201 316 292
3 201 195 292
3 195 201 292
3 195 261 292
3 261 195 292
3 261 350 292
3 350 261 292
3 350 363 292
3 363 350 292
3 350 261 240
3 261 350 240
3 261 155 240
3 155 261 240
3 155 122 240
3 122 155 240
3 122 91 240
3 91 122 240
3 91 94 240
3 94 91 240
3 94 118 240
3 118 94 240
3 118 284 240
3 284 118 240
3 284 365 240
3 365 284 240
3 365 366 240
3 366 365 240
3 366 351 240
3 351 366 240
3 283 277 305
3 316 283 305
3 330 316 305
3 344 330 305
3 286 344 305
3 201 122 175
3 122 201 175
3 122 155 175
3 155 122 175
3 155 195 175
3 195 155 175
3 365 347 352
3 347 365 352
3 347 344 352
3 344 347 352
3 344 330 352
3 330 344 352
3 330 363 352
3 363 330 352
3 363 364 352
3 364 363 352
3 364 366 352
3 366 364 352
3 283 110 183
3 277 283 183
3 181 277 183
3 132 181 183
3 117 132 183
3 634 650 644
3 110 91 101
3 650 656 644
3 117 110 101
3 656 637 644
3 94 117 101
3 277 181 267
3 286 277 267
3 272 286 267
3 286 272 308
3 344 286 308
3 347 344 308
3 297 347 308
3 664 658 653
3 118 132 112
3 658 638 653
3 94 118 112
3 638 657 653
3 117 94 112
3 297 284 319
3 284 297 319
3 284 365 319
3 365 284 319
3 365 347 319
3 347 365 319
3 615 651 624
3 561 615 624
3 562 561 624
3 636 562 624
3 650 636 624
3 656 650 624
3 449 561 512
3 561 449 512
3 561 615 512
3 615 561 512
3 615 595 512
3 595 615 512
3 595 491 512
3 491 595 512
3 491 431 512
3 431 491 512
3 449 473 466
3 473 449 466
3 473 495 466
3 495 473 466
3 495 503 466
3 503 495 466
3 503 455 466
3 455 503 466
3 455 452 466
3 452 455 466
3 452 431 466
3 431 452 466
3 503 495 535
3 596 503 535
3 601 596 535
3 651 543 541
3 656 651 541
3 637 656 541
3 596 637 541
3 503 596 541
3 455 503 541
3 461 455 541
3 497 461 541
3 495 473 547
3 473 495 547
3 473 562 547
3 562 473 547
3 562 636 547
3 636 562 547
3 636 606 547
3 606 636 547
3 606 601 547
3 601 606 547
3 651 615 604
3 615 595 604
3 595 543 604
3 636 650 635
3 650 634 635
3 634 606 635
3 595 543 524
3 543 595 524
3 543 497 524
3 497 543 524
3 497 491 524
3 491 497 524
3 596 601 618
3 53 50 72
3 601 606 618
3 58 53 72
3 606 634 618
3 91 58 72
3 634 637 618
3 94 91 72
3 452 431 468
3 431 452 468
3 431 491 468
3 491 431 468
3 491 497 468
3 497 491 468
3 497 461 468
3 461 497 468
3 237 251 324
3 290 237 324
3 412 290 324
3 403 412 324
3 374 403 324
3 484 458 402
3 458 484 402
3 458 412 402
3 412 458 402
3 412 290 402
3 290 412 402
3 290 321 402
3 321 290 402
3 321 452 402
3 452 321 402
3 452 461 402
3 461 452 402
3 251 245 327
3 245 387 327
3 387 383 327
3 383 374 327
3 245 243 331
3 387 245 331
3 425 387 331
3 377 425 331
3 346 377 331
3 296 346 331
3 377 385 436
3 425 377 436
3 477 425 436
3 484 477 436
3 461 484 436
3 455 461 436
3 226 237 275
3 237 226 275
3 237 290 275
3 290 237 275
3 290 321 275
3 321 290 275
3 321 285 275
3 285 321 275
3 285 271 275
3 271 285 275
3 477 463 423
3 425 477 423
3 387 425 423
3 383 387 423
3 406 383 423
3 243 226 268
3 226 271 268
3 271 296 268
3 385 343 371
3 343 385 371
3 343 285 371
3 285 343 371
3 285 321 371
3 321 285 371
3 321 452 371
3 452 321 371
3 452 455 371
3 455 452 371
3 477 484 472
3 484 477 472
3 484 458 472
3 458 484 472
3 458 463 472
3 463 458 472
3 243 245 239
3 245 243 239
3 245 251 239
3 251 245 239
3 251 237 239
3 237 251 239
3 237 226 239
3 226 237 239
3 458 412 432
3 463 458 432
3 406 463 432
3 403 406 432
3 385 377 368
3 377 346 368
3 346 343 368
3 346 296 307
3 343 346 307
3 285 343 307
3 271 285 307
3 384 376 393
3 374 383 392
3 376 405 393
3 403 374 392
3 405 408 393
3 406 403 392
3 343 329 396
3 385 343 396
3 503 385 396
3 495 503 396
3 409 495 396
3 361 409 396
3 329 343 304
3 315 329 304
3 282 315 304
3 276 282 304
3 285 276 304
3 409 495 451
3 495 409 451
3 495 473 451
3 473 495 451
3 473 430 451
3 430 473 451
3 430 421 451
3 421 430 451
3 329 315 333
3 361 329 333
3 317 361 333
3 357 418 356
3 418 357 356
3 418 421 356
3 421 418 356
3 421 409 356
3 409 421 356
3 409 361 356
3 361 409 356
3 361 317 356
3 317 361 356
3 317 289 356
3 289 317 356
3 289 313 356
3 313 289 356
3 313 340 356
3 340 313 356
3 431 449 379
3 449 431 379
3 449 357 379
3 357 449 379
3 357 340 379
3 340 357 379
3 340 341 379
3 341 340 379
3 276 282 295
3 282 276 295
3 282 289 295
3 289 282 295
3 289 313 295
3 313 289 295
3 313 309 295
3 309 313 295
3 276 285 303
3 285 276 303
3 285 321 303
3 321 285 303
3 321 320 303
3 320 321 303
3 320 309 303
3 309 320 303
3 321 452 372
3 452 321 372
3 452 431 372
3 431 452 372
3 431 341 372
3 341 431 372
3 341 320 372
3 320 341 372
3 313 340 326
3 340 313 326
3 340 341 326
3 341 340 326
3 341 320 326
3 320 341 326
3 320 309 326
3 309 320 326
3 36 6 30
3 6 9 30
3 9 20 30
3 20 48 30
3 48 84 30
3 84 81 30
3 81 74 30
3 157 169 145
3 20 157 145
3 48 20 145
3 194 48 145
3 220 194 145
3 157 20 63
3 65 157 63
3 9 65 63
3 261 155 162
3 155 261 162
3 155 39 162
3 39 155 162
3 39 17 162
3 17 39 162
3 17 140 162
3 140 17 162
3 140 262 162
3 262 140 162
3 262 293 162
3 293 262 162
3 17 6 32
3 6 36 32
3 36 140 32
3 192 169 148
3 169 192 148
3 169 157 148
3 157 169 148
3 157 65 148
3 65 157 148
3 65 39 148
3 39 65 148
3 39 155 148
3 155 39 148
3 155 195 148
3 195 155 148
3 678 593 655
3 48 194 115
3 593 629 655
3 84 48 115
3 629 668 655
3 139 84 115
3 65 9 15
3 9 6 15
3 6 17 15
3 17 39 15
3 191 168 209
3 169 192 210
3 168 219 209
3 220 169 210
3 219 287 209
3 288 220 210
3 36 140 119
3 140 36 119
3 140 262 119
3 262 140 119
3 262 137 119
3 137 262 119
3 137 96 119
3 96 137 119
3 96 74 119
3 74 96 119
3 261 195 263
3 195 261 263
3 195 192 263
3 192 195 263
3 192 288 263
3 288 192 263
3 288 293 263
3 293 288 263
3 194 220 207
3 220 194 207
3 220 288 207
3 288 220 207
3 288 293 207
3 293 288 207
3 293 262 207
3 262 293 207
3 262 137 207
3 137 262 207
3 137 139 207
3 139 137 207
3 137 139 107
3 139 137 107
3 139 84 107
3 84 139 107
3 84 81 107
3 81 84 107
3 81 96 107
3 96 81 107
3 395 349 302
3 389 395 302
3 247 389 302
3 223 247 302
3 192 223 302
3 288 192 302
3 323 288 302
3 257 201 281
3 201 316 281
3 316 318 281
3 223 250 208
3 250 223 208
3 250 257 208
3 257 250 208
3 257 201 208
3 201 257 208
3 201 195 208
3 195 201 208
3 195 192 208
3 192 195 208
3 384 389 328
3 376 384 328
3 253 376 328
3 247 253 328
3 384 376 370
3 376 384 370
3 376 362 370
3 362 376 370
3 362 330 370
3 330 362 370
3 330 363 370
3 363 330 370
3 363 398 370
3 398 363 370
3 376 253 299
3 253 250 299
3 250 257 299
3 257 318 299
3 318 362 299
3 389 384 391
3 384 389 391
3 384 398 391
3 398 384 391
3 398 395 391
3 395 398 391
3 253 247 242
3 247 223 242
3 223 250 242
3 318 316 334
3 362 318 334
3 330 362 334
3 261 350 306
3 350 261 306
3 350 337 306
3 337 350 306
3 337 293 306
3 293 337 306
3 288 323 314
3 323 288 314
3 323 339 314
3 339 323 314
3 339 337 314
3 337 339 314
3 337 293 314
3 293 337 314
3 588 648 609
3 106 43 62
3 648 641 609
3 98 106 62
3 641 571 609
3 27 98 62
3 571 565 609
3 24 27 62
3 588 568 592
3 568 553 592
3 553 557 592
3 557 631 592
3 631 648 592
3 588 565 514
3 568 588 514
3 463 568 514
3 458 463 514
3 482 458 514
3 478 533 526
3 532 477 525
3 533 558 526
3 557 532 525
3 558 632 526
3 631 557 525
3 632 549 526
3 548 631 525
3 549 500 526
3 499 548 525
3 500 485 526
3 484 499 525
3 570 555 517
3 553 568 516
3 555 534 517
3 532 553 516
3 534 479 517
3 477 532 516
3 479 465 517
3 463 477 516
3 648 631 621
3 641 648 621
3 548 641 621
3 548 641 540
3 641 548 540
3 641 571 540
3 571 641 540
3 571 507 540
3 507 571 540
3 507 499 540
3 499 507 540
3 565 571 527
3 571 507 527
3 507 482 527
3 499 484 492
3 484 499 492
3 484 458 492
3 458 484 492
3 458 482 492
3 482 458 492
3 482 507 492
3 507 482 492
3 539 563 619
3 563 647 619
3 647 659 619
3 659 666 619
3 666 669 619
3 669 556 619
3 556 551 619
3 582 669 627
3 561 582 627
3 615 561 627
3 666 615 627
3 669 582 577
3 556 669 577
3 510 556 577
3 595 659 564
3 659 595 564
3 659 647 564
3 647 659 564
3 647 481 564
3 481 647 564
3 481 491 564
3 491 481 564
3 563 471 513
3 647 563 513
3 481 647 513
3 457 481 513
3 595 615 643
3 659 595 643
3 666 659 643
3 454 471 486
3 471 454 486
3 471 563 486
3 563 471 486
3 563 539 486
3 539 563 486
3 539 399 486
3 399 539 486
3 399 422 486
3 422 399 486
3 399 539 440
3 539 399 440
3 539 551 440
3 551 539 440
3 551 460 440
3 460 551 440
3 460 364 440
3 364 460 440
3 364 366 440
3 366 364 440
3 366 367 440
3 367 366 440
3 556 551 522
3 551 556 522
3 551 460 522
3 460 551 522
3 460 510 522
3 510 460 522
3 422 454 428
3 454 422 428
3 454 457 428
3 457 454 428
3 457 481 428
3 481 457 428
3 481 491 428
3 491 481 428
3 491 431 428
3 431 491 428
3 431 341 428
3 341 431 428
3 341 360 428
3 360 341 428
3 399 422 380
3 422 399 380
3 422 360 380
3 360 422 380
3 360 367 380
3 367 360 380
3 341 340 353
3 340 341 353
3 340 345 353
3 345 340 353
3 345 351 353
3 351 345 353
3 351 366 353
3 366 351 353
3 366 367 353
3 367 366 353
3 367 360 353
3 360 367 353
3 164 254 108
3 97 164 108
3 12 97 108
3 11 12 108
3 49 11 108
3 120 49 108
3 163 120 108
3 113 85 160
3 85 113 160
3 85 105 160
3 105 85 160
3 105 198 160
3 198 105 160
3 198 237 160
3 237 198 160
3 237 226 160
3 226 237 160
3 97 105 146
3 164 97 146
3 198 164 146
3 105 97 75
3 85 105 75
3 12 85 75
3 134 69 177
3 69 134 177
3 69 111 177
3 111 69 177
3 111 135 177
3 135 111 177
3 135 180 177
3 180 135 177
3 180 276 177
3 276 180 177
3 276 309 177
3 309 276 177
3 113 135 184
3 226 113 184
3 271 226 184
3 180 271 184
3 254 258 230
3 258 254 230
3 258 273 230
3 273 258 230
3 273 163 230
3 163 273 230
3 254 164 228
3 164 198 228
3 198 237 228
3 237 290 228
3 290 258 228
3 111 11 55
3 11 49 55
3 49 69 55
3 113 85 80
3 135 113 80
3 111 135 80
3 11 111 80
3 12 11 80
3 69 49 100
3 134 69 100
3 120 134 100
3 290 258 294
3 258 290 294
3 258 273 294
3 273 258 294
3 273 320 294
3 320 273 294
3 320 321 294
3 321 320 294
3 273 163 214
3 163 273 214
3 163 120 214
3 120 163 214
3 120 134 214
3 134 120 214
3 134 309 214
3 309 134 214
3 309 320 214
3 320 309 214
3 271 180 266
3 180 276 266
3 276 285 266
3 43 106 130
3 67 43 130
3 204 67 130
3 199 204 130
3 126 133 87
3 67 126 87
3 43 67 87
3 24 43 87
3 81 24 87
3 96 81 87
3 68 127 153
3 126 67 152
3 127 197 153
3 196 126 152
3 197 205 153
3 204 196 152
3 106 98 147
3 199 106 147
3 165 199 147
3 98 27 103
3 165 98 103
3 139 165 103
3 84 139 103
3 149 196 176
3 196 149 176
3 196 204 176
3 204 196 176
3 204 199 176
3 199 204 176
3 199 165 176
3 165 199 176
3 165 139 176
3 139 165 176
3 139 137 176
3 137 139 176
3 149 133 128
3 133 149 128
3 133 96 128
3 96 133 128
3 96 137 128
3 137 96 128
3 338 322 335
3 322 264 335
3 264 258 335
3 258 290 335
3 290 412 335
3 412 420 335
3 420 417 335
3 482 507 434
3 507 489 434
3 489 469 434
3 469 445 434
3 445 348 434
3 348 338 434
3 338 417 434
3 417 429 434
3 445 348 354
3 348 445 354
3 348 322 354
3 322 348 354
3 322 264 354
3 264 322 354
3 264 274 354
3 274 264 354
3 274 360 354
3 360 274 354
3 360 422 354
3 422 360 354
3 422 441 354
3 441 422 354
3 499 507 494
3 507 499 494
3 507 489 494
3 489 507 494
3 489 481 494
3 481 489 494
3 481 491 494
3 491 481 494
3 491 497 494
3 497 491 494
3 458 482 443
3 412 458 443
3 420 412 443
3 429 420 443
3 469 489 474
3 457 469 474
3 481 457 474
3 264 258 270
3 258 264 270
3 258 273 270
3 273 258 270
3 273 274 270
3 274 273 270
3 485 500 488
3 499 484 487
3 500 498 488
3 497 499 487
3 498 462 488
3 461 497 487
3 273 320 312
3 320 273 312
3 320 341 312
3 341 320 312
3 341 360 312
3 360 341 312
3 360 274 312
3 274 360 312
3 589 566 633
3 614 589 633
3 663 614 633
3 665 663 633
3 640 665 633
3 626 640 633
3 566 589 515
3 589 569 515
3 569 464 515
3 464 459 515
3 459 483 515
3 614 663 616
3 583 614 616
3 578 583 616
3 598 578 616
3 607 598 616
3 569 583 518
3 583 578 518
3 578 407 518
3 407 464 518
3 589 614 586
3 614 583 586
3 583 569 586
3 663 665 642
3 665 636 642
3 636 606 642
3 606 607 642
3 407 578 505
3 578 598 505
3 598 601 505
3 601 495 505
3 495 409 505
3 409 404 505
3 562 636 628
3 636 665 628
3 665 640 628
3 640 620 628
3 464 407 433
3 459 464 433
3 413 459 433
3 404 413 433
3 483 459 444
3 430 483 444
3 421 430 444
3 413 421 444
3 60 51 54
3 598 607 603
3 51 53 54
3 601 598 603
3 53 58 54
3 606 601 603
3 409 404 411
3 404 409 411
3 404 413 411
3 413 404 411
3 413 421 411
3 421 413 411
3 93 109 79
3 109 116 79
3 116 111 79
3 111 69 79
3 69 21 79
3 21 22 79
3 69 134 82
3 134 140 82
3 140 36 82
3 36 21 82
3 96 133 83
3 133 93 83
3 93 22 83
3 22 74 83
3 116 109 182
3 131 116 182
3 180 131 182
3 276 180 182
3 282 276 182
3 134 140 231
3 140 134 231
3 140 262 231
3 262 140 231
3 262 313 231
3 313 262 231
3 313 309 231
3 309 313 231
3 111 116 123
3 135 111 123
3 131 135 123
3 149 137 224
3 137 149 224
3 137 262 224
3 262 137 224
3 262 313 224
3 313 262 224
3 313 289 224
3 289 313 224
3 42 66 129
3 105 42 129
3 198 105 129
3 203 198 129
3 42 105 46
3 105 85 46
3 85 18 46
3 18 16 46
3 16 26 46
3 248 203 150
3 203 66 150
3 66 37 150
3 37 44 150
3 44 141 150
3 141 211 150
3 211 221 150
3 66 42 40
3 42 26 40
3 26 37 40
3 211 141 170
3 141 77 170
3 77 113 170
3 113 226 170
3 226 243 170
3 18 77 61
3 77 141 61
3 141 44 61
3 44 16 61
3 77 18 76
3 18 85 76
3 85 113 76
3 16 44 28
3 44 37 28
3 37 26 28
3 198 203 217
3 203 248 217
3 248 251 217
3 251 237 217
3 248 221 241
3 221 245 241
3 245 251 241
3 221 211 234
3 245 221 234
3 243 245 234
3 259 265 336
3 291 259 336
3 413 291 336
3 421 413 336
3 418 421 336
3 339 418 336
3 323 339 336
3 238 291 325
3 252 238 325
3 375 252 325
3 404 375 325
3 413 404 325
3 199 165 229
3 238 199 229
3 291 238 229
3 259 291 229
3 255 259 229
3 238 252 218
3 199 238 218
3 204 199 218
3 249 204 218
3 249 252 298
3 256 249 298
3 317 256 298
3 361 317 298
3 375 361 298
3 256 196 215
3 249 256 215
3 204 249 215
3 165 139 186
3 255 165 186
3 194 255 186
3 193 254 232
3 255 194 233
3 254 258 232
3 259 255 233
3 258 264 232
3 265 259 233
3 264 219 232
3 220 265 233
3 265 220 279
3 219 264 278
3 220 288 279
3 287 219 278
3 288 323 279
3 322 287 278
3 361 375 381
3 375 404 381
3 404 409 381
3 337 293 311
3 293 337 311
3 293 262 311
3 262 293 311
3 262 313 311
3 313 262 311
3 313 340 311
3 340 313 311
3 340 345 311
3 345 340 311
3 504 496 397
3 386 504 397
3 344 386 397
3 330 344 397
3 362 330 397
3 410 362 397
3 496 504 536
3 602 496 536
3 597 602 536
3 551 581 493
3 581 551 493
3 581 579 493
3 579 581 493
3 579 408 493
3 408 579 493
3 408 384 493
3 384 408 493
3 384 398 493
3 398 384 493
3 398 460 493
3 460 398 493
3 410 496 506
3 405 410 506
3 408 405 506
3 579 408 506
3 599 579 506
3 602 599 506
3 539 597 480
3 597 539 480
3 597 504 480
3 504 597 480
3 504 386 480
3 386 504 480
3 386 378 480
3 378 386 480
3 378 399 480
3 399 378 480
3 386 344 369
3 344 347 369
3 347 378 369
3 362 410 382
3 410 405 382
3 405 376 382
3 599 602 576
3 602 597 576
3 597 539 576
3 539 551 576
3 551 581 576
3 365 347 373
3 347 365 373
3 347 378 373
3 378 347 373
3 378 399 373
3 399 378 373
3 399 367 373
3 367 399 373
3 287 322 301
3 191 287 301
3 222 191 301
3 246 222 301
3 388 246 301
3 394 388 301
3 348 394 301
3 297 244 332
3 244 246 332
3 246 388 332
3 388 426 332
3 426 378 332
3 378 347 332
3 173 166 189
3 166 168 189
3 168 191 189
3 191 222 189
3 222 212 189
3 172 166 202
3 166 172 202
3 166 168 202
3 168 166 202
3 168 219 202
3 219 168 202
3 219 264 202
3 264 219 202
3 264 274 202
3 274 264 202
3 274 225 202
3 225 274 202
3 244 212 235
3 212 222 235
3 222 246 235
3 388 394 415
3 394 447 415
3 447 438 415
3 438 426 415
3 274 225 310
3 225 274 310
3 225 284 310
3 284 225 310
3 284 365 310
3 365 284 310
3 365 367 310
3 367 365 310
3 367 360 310
3 360 367 310
3 441 438 414
3 438 441 414
3 438 426 414
3 426 438 414
3 426 378 414
3 378 426 414
3 378 399 414
3 399 378 414
3 399 422 414
3 422 399 414
3 584 570 519
3 579 584 519
3 408 579 519
3 465 408 519
3 613 538 530
3 591 613 530
3 555 591 530
3 534 555 530
3 439 534 530
3 448 439 530
3 613 591 587
3 591 584 587
3 584 579 587
3 579 581 587
3 581 585 587
3 591 555 573
3 555 570 573
3 570 584 573
3 538 613 552
3 510 538 552
3 556 510 552
3 585 556 552
3 479 534 476
3 534 439 476
3 439 427 476
3 384 408 424
3 408 465 424
3 465 479 424
3 479 427 424
3 427 389 424
3 439 448 416
3 448 395 416
3 395 389 416
3 389 427 416
3 585 581 567
3 556 585 567
3 551 556 567
3 611 617 645
3 623 611 645
3 654 623 645
3 667 654 645
3 664 667 645
3 658 664 645
3 558 623 622
3 632 558 622
3 654 632 622
3 544 652 542
3 652 657 542
3 657 638 542
3 638 597 542
3 597 504 542
3 504 456 542
3 456 462 542
3 462 498 542
3 533 478 475
3 478 426 475
3 426 438 475
3 667 652 625
3 654 667 625
3 632 654 625
3 549 632 625
3 544 549 625
3 478 485 437
3 485 462 437
3 462 456 437
3 456 386 437
3 386 378 437
3 378 426 437
3 617 611 550
3 563 617 550
3 471 563 550
3 652 667 660
3 657 652 660
3 664 657 660
3 617 563 605
3 563 539 605
3 539 597 605
3 597 638 605
3 638 658 605
3 549 544 521
3 543 548 520
3 544 498 521
3 497 543 520
3 498 500 521
3 499 497 520
3 201 257 159
3 257 197 159
3 197 127 159
3 127 60 159
3 60 122 159
3 223 213 151
3 213 143 151
3 143 45 151
3 45 38 151
3 38 68 151
3 68 205 151
3 205 250 151
3 68 38 70
3 127 68 70
3 60 127 70
3 51 60 70
3 33 51 70
3 143 174 125
3 45 143 125
3 65 45 125
3 157 65 125
3 167 157 125
3 65 39 41
3 45 65 41
3 38 45 41
3 33 38 41
3 35 33 41
3 223 192 190
3 213 223 190
3 174 213 190
3 167 174 190
3 169 167 190
3 250 205 216
3 257 250 216
3 197 257 216
3 60 122 86
3 122 60 86
3 122 155 86
3 155 122 86
3 155 39 86
3 39 155 86
3 39 35 86
3 35 39 86
3 35 51 86
3 51 35 86
3 17 140 73
3 140 134 73
3 134 120 73
3 120 104 73
3 104 23 73
3 23 10 73
3 10 14 73
3 225 71 161
3 71 225 161
3 71 23 161
3 23 71 161
3 23 104 161
3 104 23 161
3 104 163 161
3 163 104 161
3 163 273 161
3 273 163 161
3 273 274 161
3 274 273 161
3 91 122 89
3 58 91 89
3 60 58 89
3 10 23 56
3 23 71 56
3 71 118 56
3 118 94 56
3 94 50 56
3 39 17 25
3 17 14 25
3 14 35 25
3 35 14 31
3 14 10 31
3 10 50 31
3 50 53 31
3 53 51 31
3 672 647 639
3 679 672 639
3 678 679 639
3 593 678 639
3 489 593 639
3 481 489 639
3 673 641 649
3 679 673 649
3 672 679 649
3 659 672 649
3 595 659 649
3 543 595 649
3 548 543 649
3 571 629 545
3 629 593 545
3 593 489 545
3 489 507 545
3 629 571 646
3 571 641 646
3 641 673 646
3 673 668 646
3 679 678 677
3 678 668 677
3 668 673 677
3 104 163 95
3 163 254 95
3 254 193 95
3 193 47 95
3 47 5 95
3 5 4 95
3 19 156 29
3 156 166 29
3 166 172 29
3 172 64 29
3 64 2 29
3 2 0 29
3 0 1 29
3 168 156 144
3 156 19 144
3 19 47 144
3 47 193 144
3 193 219 144
3 47 19 8
3 19 1 8
3 1 5 8
3 23 104 7
3 2 23 7
3 0 2 7
3 4 0 7
3 64 71 13
3 2 64 13
3 23 2 13
3 4 5 3
3 0 4 3
3 1 0 3
